4.269400694850872924e+01 4.243928414384036785e+01 3.285179937048538790e+01 2.749518561952417173e+01 2.518317416465269432e+01 2.273263239740163044e+01 2.119722166434704747e+01 2.016423746175829024e+01 1.932172080187530483e+01 1.860042503888477228e+01 1.781166949254047083e+01
4.362854705953673573e+01 4.430138505849475195e+01 4.370710618228738298e+01 3.709342094369904430e+01 3.282661940333338890e+01 3.064905258916342845e+01 2.945305874189319439e+01 3.115635479045164402e+01 2.985911590124960924e+01 2.927968713779937104e+01 2.838453454127108344e+01
6.122790050987421040e+01 3.583285265942638631e+01 2.860761884603955707e+01 2.888820889987361085e+01 3.020721871595387853e+01 3.655928890922781704e+01 3.231952680256075183e+01 3.354498809952422533e+01 3.235265348690342790e+01 3.035352303024538045e+01 3.495415278183841679e+01
6.119266059805587332e+01 3.908052468857415818e+01 4.108662667257805623e+01 3.884947084239781390e+01 3.472001007221177105e+01 3.448183815391762153e+01 3.417775899589553035e+01 3.867177779186624065e+01 3.928785744139840119e+01 3.133255443744915425e+01 3.634264020028523134e+01
6.372394056271595986e+01 3.608958109938080128e+01 4.286485885093176051e+01 3.837110631121892368e+01 3.888753615783896578e+01 3.514644604554862894e+01 3.530518292428541116e+01 4.479442308856757649e+01 3.575855686467563288e+01 2.891250691829898400e+01 3.659605244807912072e+01
6.891841677117777465e+01 3.697318725795912542e+01 4.285848826053793914e+01 4.377444543392923748e+01 4.252517236568503023e+01 3.844047111763010349e+01 3.584103150832746110e+01 3.883191966130701189e+01 3.798297827225758283e+01 3.050507738106833955e+01 3.694102424396899664e+01
6.101762525904181445e+01 3.632675232108407926e+01 4.155483063337988625e+01 4.596141682688899976e+01 4.138349500995980179e+01 4.297220987172513418e+01 4.395667138089444137e+01 3.838768620097592787e+01 3.839188398229437382e+01 3.937627191154646766e+01 3.987221430128852973e+01
5.110514837584016590e+01 3.695201225299005188e+01 3.336660364618388996e+01 4.527324611086126538e+01 4.279633123605982803e+01 4.119436485849259810e+01 4.012623278864968768e+01 4.843265994666759866e+01 4.318783973496882567e+01 4.210953650825301509e+01 2.398211669981264293e+01
7.033096566015520068e+01 3.823397406758608241e+01 4.119440159480732433e+01 4.637355676584115116e+01 4.441026362999138399e+01 4.151075416844741284e+01 3.826875348263802579e+01 4.007312526570068201e+01 3.558897348613359668e+01 3.079881252722783458e+01 2.906596128805914248e+01
5.884807369908129715e+01 3.704571975446391008e+01 4.157063028456993692e+01 4.452203166437006132e+01 4.446345113263402737e+01 4.689806391696052401e+01 4.612908666833246940e+01 4.595793608932916641e+01 4.815368458054629741e+01 4.240201180781385659e+01 4.023625999781844342e+01
