1.482920250608404444e+01 2.763100432276423390e+01 2.506573473088591442e+01 3.808688161913126180e+01 3.130602916646277478e+01 1.938986895438470270e+01 1.254135240786981242e+01 2.079060219592836845e+01 7.833737353398703362e+00 1.969646642547231252e+01 1.919027595106814488e+01
1.032571121641420575e+01 2.160658298861010351e+01 3.469407084136201291e+01 3.038317061027458976e+01 4.039618120872545859e+01 4.095302293433185525e+01 2.200855055397668281e+01 4.006564975717613208e+01 3.594086047320833899e+01 3.714313355312580711e+01 3.593071010524409559e+01
5.336948159423939408e+00 2.993465910639193339e+01 3.373341796859876496e+01 3.655439835827971962e+01 5.648444090307747700e+01 4.084118395726443396e+01 4.954142735553039500e+01 4.021911805801936879e+01 3.979997044273722651e+01 2.760114363919348790e+01 3.900456080570469197e+01
7.943561892782587286e+00 2.748326199382290014e+01 3.271809208968944915e+01 3.801777572307786812e+01 4.291687084542163433e+01 4.059231604396927651e+01 4.015806223075266956e+01 3.986811448714626493e+01 3.870033093482661002e+01 4.775136288179250954e+01 1.948275872430827604e+01
4.119082010041674735e+00 2.451048278890433707e+01 3.054838020548706368e+01 4.063818356148545519e+01 4.300583132798883668e+01 4.068934775637846002e+01 4.545407421332172504e+01 5.035647670615441740e+01 4.157102836134768609e+01 4.419402167585244712e+01 3.925765901277142689e+01
1.329977818844619897e+01 2.730072065015596294e+01 3.384685122662399692e+01 4.126647537574186941e+01 3.283903818369982730e+01 3.828757412182881836e+01 3.429815854117011753e+01 4.419780696311975277e+01 4.013022438633388589e+01 4.078082249788779023e+01 4.121582564805530069e+01
1.161096639562458677e+01 3.037415170588312563e+01 3.240659352236070134e+01 4.160674163846000795e+01 4.106771617490325355e+01 4.549582059590227345e+01 4.838286939500733297e+01 4.376864550055961445e+01 4.823055707723045771e+01 4.559464677415528655e+01 4.182341843163477790e+01
4.524820344262989735e+00 2.721392601377540998e+01 3.076166717396558425e+01 3.764583548307843586e+01 4.445956512393740923e+01 4.703966764986841298e+01 4.027605181261707656e+01 4.147700241345373939e+01 4.886576605935317730e+01 3.986957415584425490e+01 4.598712232000527678e+01
2.194791180872013303e+00 2.977536864145903195e+01 3.349613940073150076e+01 3.670307571565495408e+01 4.048843575634024461e+01 4.465626017959851168e+01 4.465347787225903886e+01 4.708004890737429804e+01 4.440167189637165279e+01 4.481293780915758163e+01 4.144916863364694848e+01
1.035822736913408626e+01 2.340400109315896415e+01 2.996379217193026889e+01 3.552460600915794231e+01 4.394234238203221565e+01 4.340070040156926012e+01 4.567116710442210348e+01 4.618131585834264285e+01 4.295183825208399497e+01 4.953753337182608618e+01 4.442597133762018302e+01
